0.000000000000000000e+00 -1.478221408202888831e+01
0.000000000000000000e+00 -1.573778462600524541e+01
0.000000000000000000e+00 -1.447833098478204761e+01
0.000000000000000000e+00 -1.534822578647796476e+01
0.000000000000000000e+00 -1.430984825280525463e+01
0.000000000000000000e+00 -1.617376427715136344e+01
0.000000000000000000e+00 -1.677253774277137666e+01
0.000000000000000000e+00 -1.435477469413351059e+01
0.000000000000000000e+00 -1.444654368348994922e+01
0.000000000000000000e+00 -1.541256388535838617e+01
0.000000000000000000e+00 -1.680978404110291180e+01
0.000000000000000000e+00 -1.492954269228209085e+01
0.000000000000000000e+00 -1.358445207483853778e+01
0.000000000000000000e+00 -1.362072448093180022e+01
0.000000000000000000e+00 -1.648405022263704112e+01
0.000000000000000000e+00 -1.627874754401706170e+01
0.000000000000000000e+00 -1.506425807801759120e+01
0.000000000000000000e+00 -1.449352322733044396e+01
0.000000000000000000e+00 -1.483321260797792895e+01
0.000000000000000000e+00 -1.519270413125956409e+01
0.000000000000000000e+00 -1.501491930546534981e+01
0.000000000000000000e+00 -1.331901712837624352e+01
0.000000000000000000e+00 -1.624019672058327757e+01
0.000000000000000000e+00 -1.529383633328764347e+01
0.000000000000000000e+00 -1.686414250699733586e+01
0.000000000000000000e+00 -1.501392486750310873e+01
0.000000000000000000e+00 -1.504718257633950351e+01
0.000000000000000000e+00 -1.518679636071916050e+01
0.000000000000000000e+00 -1.368746300211266487e+01
0.000000000000000000e+00 -1.437862550167818476e+01
0.000000000000000000e+00 -1.444696636968973458e+01
0.000000000000000000e+00 -1.456707782838991072e+01
0.000000000000000000e+00 -1.489931751766454759e+01
0.000000000000000000e+00 -1.311606395230078981e+01
0.000000000000000000e+00 -1.590211302788047831e+01
0.000000000000000000e+00 -1.580556757444929339e+01
0.000000000000000000e+00 -1.492016357504882329e+01
0.000000000000000000e+00 -1.600011429741531899e+01
0.000000000000000000e+00 -1.666391085480334411e+01
0.000000000000000000e+00 -1.281190234327033295e+01
0.000000000000000000e+00 -1.581810186854766442e+01
0.000000000000000000e+00 -1.566411761510138945e+01
0.000000000000000000e+00 -1.346672210942546677e+01
0.000000000000000000e+00 -1.384233946960011963e+01
0.000000000000000000e+00 -1.449374862028731847e+01
0.000000000000000000e+00 -1.463027950031582769e+01
0.000000000000000000e+00 -1.290722839087034046e+01
0.000000000000000000e+00 -1.412340226828960610e+01
0.000000000000000000e+00 -1.569627565639965994e+01
0.000000000000000000e+00 -1.454884716047764392e+01
0.000000000000000000e+00 -1.460942695778789790e+01
0.000000000000000000e+00 -1.454771911566562359e+01
0.000000000000000000e+00 -1.415751386836374515e+01
0.000000000000000000e+00 -1.567637095517289048e+01
0.000000000000000000e+00 -1.487330608880671967e+01
0.000000000000000000e+00 -1.513554076616862254e+01
0.000000000000000000e+00 -1.411794222802607734e+01
0.000000000000000000e+00 -1.552284071306380930e+01
0.000000000000000000e+00 -1.582854379999075434e+01
0.000000000000000000e+00 -1.522669318521956328e+01
0.000000000000000000e+00 -1.454924537979319688e+01
0.000000000000000000e+00 -1.426937028952209729e+01
0.000000000000000000e+00 -1.450018886051440070e+01
0.000000000000000000e+00 -1.544867302792541075e+01
0.000000000000000000e+00 -1.345880013840139178e+01
0.000000000000000000e+00 -1.599761338981799241e+01
0.000000000000000000e+00 -1.492526056819199987e+01
0.000000000000000000e+00 -1.401461630705410677e+01
0.000000000000000000e+00 -1.556433706623527691e+01
0.000000000000000000e+00 -1.565752067657445679e+01
0.000000000000000000e+00 -1.409592376795612267e+01
0.000000000000000000e+00 -1.637788249022011300e+01
0.000000000000000000e+00 -1.558299803206496570e+01
0.000000000000000000e+00 -1.441852388157626308e+01
0.000000000000000000e+00 -1.454999127893942124e+01
0.000000000000000000e+00 -1.409925860945775078e+01
0.000000000000000000e+00 -1.454034731676417636e+01
0.000000000000000000e+00 -1.511596582522522247e+01
0.000000000000000000e+00 -1.474169420749439929e+01
0.000000000000000000e+00 -1.507818766834642865e+01
0.000000000000000000e+00 -1.644827982599210259e+01
0.000000000000000000e+00 -1.519089278654196740e+01
0.000000000000000000e+00 -1.584851465330745413e+01
0.000000000000000000e+00 -1.603014605439715723e+01
0.000000000000000000e+00 -1.406960487153906847e+01
0.000000000000000000e+00 -1.475646716852423523e+01
0.000000000000000000e+00 -1.335847534994575980e+01
0.000000000000000000e+00 -1.660639323399944445e+01
0.000000000000000000e+00 -1.576612982505590210e+01
0.000000000000000000e+00 -1.520466466108636361e+01
0.000000000000000000e+00 -1.363188199125972311e+01
0.000000000000000000e+00 -1.447804527045112266e+01
0.000000000000000000e+00 -1.681792529730226349e+01
0.000000000000000000e+00 -1.724648262374014962e+01
0.000000000000000000e+00 -1.434625337003372181e+01
0.000000000000000000e+00 -1.491332803234937288e+01
0.000000000000000000e+00 -1.426161763314935271e+01
0.000000000000000000e+00 -1.578615189021438958e+01
0.000000000000000000e+00 -1.304314409583501089e+01
0.000000000000000000e+00 -1.512488702991069900e+01
1.000000000000000000e+00 -6.081307823626529441e-01
1.000000000000000000e+00 1.090020384298097667e-01
1.000000000000000000e+00 -6.999438258931797163e-01
1.000000000000000000e+00 5.962769753319869803e-01
1.000000000000000000e+00 -6.004259626928768467e-01
1.000000000000000000e+00 -2.685553550702687087e+00
1.000000000000000000e+00 -8.602163535833907693e-01
1.000000000000000000e+00 -2.049775889569454834e-01
1.000000000000000000e+00 1.294879116193492496e+00
1.000000000000000000e+00 -3.487234882515564682e-01
1.000000000000000000e+00 1.099146503100453920e+00
1.000000000000000000e+00 6.069987789829632829e-01
1.000000000000000000e+00 -5.254780356869614977e-01
1.000000000000000000e+00 6.981269241962818617e-01
1.000000000000000000e+00 8.108631151753611377e-01
1.000000000000000000e+00 1.822286811805483131e+00
1.000000000000000000e+00 -6.470424237091421116e-01
1.000000000000000000e+00 4.957362170971498228e-01
1.000000000000000000e+00 9.364205117291258818e-01
1.000000000000000000e+00 -2.567353699978647263e-02
1.000000000000000000e+00 1.785219371077786665e-01
1.000000000000000000e+00 3.695223552596216821e-01
1.000000000000000000e+00 3.419904980783757820e-01
1.000000000000000000e+00 -7.461820258439533227e-01
1.000000000000000000e+00 1.679977775317140765e+00
1.000000000000000000e+00 -8.689745051056424474e-01
1.000000000000000000e+00 1.699166182823342419e+00
1.000000000000000000e+00 -1.024331442138633363e+00
1.000000000000000000e+00 -1.203666095174891426e+00
1.000000000000000000e+00 -7.039633430656057067e-01
1.000000000000000000e+00 4.846201172265087176e-01
1.000000000000000000e+00 -8.629102216916190171e-01
1.000000000000000000e+00 -3.625350638694446737e-01
1.000000000000000000e+00 8.286987131700751519e-01
1.000000000000000000e+00 1.038480857206402375e+00
1.000000000000000000e+00 6.160084924249035199e-01
1.000000000000000000e+00 4.109556565599417621e-01
1.000000000000000000e+00 -7.058748590473987727e-01
1.000000000000000000e+00 1.602818406811448604e+00
1.000000000000000000e+00 5.845884815132317280e-01
1.000000000000000000e+00 -1.072822450926197435e+00
1.000000000000000000e+00 1.047448117310568749e+00
1.000000000000000000e+00 -1.900677313936018076e-01
1.000000000000000000e+00 -6.878450780325393032e-02
1.000000000000000000e+00 -5.424134033453670289e-01
1.000000000000000000e+00 -6.016098391125629385e-02
1.000000000000000000e+00 -1.138541366854554981e+00
1.000000000000000000e+00 3.163757913966450119e-01
1.000000000000000000e+00 5.949971838507975841e-01
1.000000000000000000e+00 9.011190794817102168e-01
1.000000000000000000e+00 4.851794229700117506e-02
1.000000000000000000e+00 2.306965339583653574e+00
1.000000000000000000e+00 1.349838098082686066e+00
1.000000000000000000e+00 4.352565853757365266e-01
1.000000000000000000e+00 -1.183481304428674052e+00
1.000000000000000000e+00 -8.694436062691209832e-01
1.000000000000000000e+00 1.614205233614180335e+00
1.000000000000000000e+00 8.954491983459703652e-01
1.000000000000000000e+00 1.623649295617208832e+00
1.000000000000000000e+00 -2.189429753826482195e+00
1.000000000000000000e+00 3.585121413495365172e-01
1.000000000000000000e+00 -1.333863599073324302e+00
1.000000000000000000e+00 1.698889868896719557e+00
1.000000000000000000e+00 -1.048739694318491011e+00
1.000000000000000000e+00 -3.777508430471318013e-01
1.000000000000000000e+00 -1.740057373785657058e+00
1.000000000000000000e+00 4.050998219339652096e-01
1.000000000000000000e+00 7.011053597626363265e-01
1.000000000000000000e+00 5.547414598656852380e-01
1.000000000000000000e+00 1.152550363817206769e+00
1.000000000000000000e+00 -3.888432154496695436e-01
1.000000000000000000e+00 -8.376587355783843281e-01
1.000000000000000000e+00 1.173204740887786035e-01
1.000000000000000000e+00 -5.107043013456852298e-01
1.000000000000000000e+00 3.505557133338982334e-01
1.000000000000000000e+00 7.506418101526355358e-01
1.000000000000000000e+00 5.743788577283052144e-01
1.000000000000000000e+00 3.930687530537564367e-01
1.000000000000000000e+00 6.872495001457920027e-01
1.000000000000000000e+00 -9.720385767611356975e-01
1.000000000000000000e+00 3.957826249968545151e-01
1.000000000000000000e+00 -5.719057670667830606e-02
1.000000000000000000e+00 -3.940185146689857976e-01
1.000000000000000000e+00 -2.017518849037096551e+00
1.000000000000000000e+00 -4.372473192259624386e-01
1.000000000000000000e+00 7.568140924357340538e-01
1.000000000000000000e+00 -3.289923318405268415e-01
1.000000000000000000e+00 9.399048796910215442e-01
1.000000000000000000e+00 1.125525513505177155e+00
1.000000000000000000e+00 2.444374586129215154e-01
1.000000000000000000e+00 -8.392211302914572013e-02
1.000000000000000000e+00 2.406018476150433572e-01
1.000000000000000000e+00 9.521741530562519706e-01
1.000000000000000000e+00 -1.130148590147004792e-02
1.000000000000000000e+00 -6.866784910304082334e-01
1.000000000000000000e+00 -5.181454348572501756e-01
1.000000000000000000e+00 2.816271178497629646e-01
1.000000000000000000e+00 2.617718033456079230e+00
1.000000000000000000e+00 1.045387239300863191e+00
1.000000000000000000e+00 -1.533327957860922686e-01
