2.000000000000000000e+00 1.709761150024066367e+01
2.000000000000000000e+00 1.446568265973717970e+01
2.000000000000000000e+00 1.525414390478010418e+01
2.000000000000000000e+00 1.586185605243074193e+01
2.000000000000000000e+00 1.609382069212469801e+01
2.000000000000000000e+00 1.447317918961157268e+01
2.000000000000000000e+00 1.430005695004402000e+01
2.000000000000000000e+00 1.367693079972472958e+01
2.000000000000000000e+00 1.545697578261823857e+01
2.000000000000000000e+00 1.688394422105091408e+01
2.000000000000000000e+00 1.629217921255478885e+01
2.000000000000000000e+00 1.618586126583726426e+01
2.000000000000000000e+00 1.376002572856866202e+01
2.000000000000000000e+00 1.470712413851710920e+01
2.000000000000000000e+00 1.544649994685398475e+01
2.000000000000000000e+00 1.501495063060020563e+01
2.000000000000000000e+00 1.584387517734229611e+01
2.000000000000000000e+00 1.419508473310087915e+01
2.000000000000000000e+00 1.529951372005012544e+01
2.000000000000000000e+00 1.609474047724644663e+01
2.000000000000000000e+00 1.470777881409322241e+01
2.000000000000000000e+00 1.608337863695006575e+01
2.000000000000000000e+00 1.325183522555911786e+01
2.000000000000000000e+00 1.375989145147974924e+01
2.000000000000000000e+00 1.582335017984156345e+01
2.000000000000000000e+00 1.600903180042492124e+01
2.000000000000000000e+00 1.548016530251550726e+01
2.000000000000000000e+00 1.251549400245626487e+01
2.000000000000000000e+00 1.455766599933343208e+01
2.000000000000000000e+00 1.525440154364477507e+01
2.000000000000000000e+00 1.413371775077186143e+01
2.000000000000000000e+00 1.468265006561977515e+01
2.000000000000000000e+00 1.502251479327630257e+01
2.000000000000000000e+00 1.371186859497462507e+01
2.000000000000000000e+00 1.583090705189441572e+01
2.000000000000000000e+00 1.536165095901793975e+01
2.000000000000000000e+00 1.288973303741982512e+01
2.000000000000000000e+00 1.678600129444462041e+01
2.000000000000000000e+00 1.620115908850554121e+01
2.000000000000000000e+00 1.525133567323634587e+01
2.000000000000000000e+00 1.568371061144636691e+01
2.000000000000000000e+00 1.563622659325804598e+01
2.000000000000000000e+00 1.457273199818923715e+01
2.000000000000000000e+00 1.476307922126466465e+01
2.000000000000000000e+00 1.624504125872199012e+01
2.000000000000000000e+00 1.413840733512639680e+01
2.000000000000000000e+00 1.637162424364548841e+01
2.000000000000000000e+00 1.491141700371509771e+01
2.000000000000000000e+00 1.740399576613252464e+01
2.000000000000000000e+00 1.428631826493839974e+01
2.000000000000000000e+00 1.499782385042226274e+01
2.000000000000000000e+00 1.603770733999025566e+01
2.000000000000000000e+00 1.523845903585861983e+01
2.000000000000000000e+00 1.439079387101637053e+01
2.000000000000000000e+00 1.522342857895095136e+01
2.000000000000000000e+00 1.566068721000585917e+01
2.000000000000000000e+00 1.456046942925201826e+01
2.000000000000000000e+00 1.378868946838699117e+01
2.000000000000000000e+00 1.447517571555405880e+01
2.000000000000000000e+00 1.501050088612795719e+01
2.000000000000000000e+00 1.621528775550141432e+01
2.000000000000000000e+00 1.695570568244524523e+01
2.000000000000000000e+00 1.418193287953357995e+01
2.000000000000000000e+00 1.479813909380758830e+01
2.000000000000000000e+00 1.360991678832348839e+01
2.000000000000000000e+00 1.544512664440291516e+01
2.000000000000000000e+00 1.504189449842476556e+01
2.000000000000000000e+00 1.466697311725441821e+01
2.000000000000000000e+00 1.479099289894743130e+01
2.000000000000000000e+00 1.493713651148430444e+01
2.000000000000000000e+00 1.519119069746198569e+01
2.000000000000000000e+00 1.292789392457796183e+01
2.000000000000000000e+00 1.636426598078531569e+01
2.000000000000000000e+00 1.566826807782888942e+01
2.000000000000000000e+00 1.349743017978406812e+01
2.000000000000000000e+00 1.652439327078696607e+01
2.000000000000000000e+00 1.450591090946254802e+01
2.000000000000000000e+00 1.658956407923048815e+01
2.000000000000000000e+00 1.422581201811083496e+01
2.000000000000000000e+00 1.457368670594566851e+01
2.000000000000000000e+00 1.390551619499098912e+01
2.000000000000000000e+00 1.559313182631256467e+01
2.000000000000000000e+00 1.469337938676779665e+01
2.000000000000000000e+00 1.429873871564485555e+01
2.000000000000000000e+00 1.424735766101500722e+01
2.000000000000000000e+00 1.437417183480041949e+01
2.000000000000000000e+00 1.437999708409516586e+01
2.000000000000000000e+00 1.512773176733792369e+01
2.000000000000000000e+00 1.426537820096730513e+01
2.000000000000000000e+00 1.425137187232897595e+01
2.000000000000000000e+00 1.522402414507837953e+01
2.000000000000000000e+00 1.572243747038963058e+01
2.000000000000000000e+00 1.533382523248340235e+01
2.000000000000000000e+00 1.722031656442048586e+01
2.000000000000000000e+00 1.449114482558793249e+01
2.000000000000000000e+00 1.375377372326339831e+01
2.000000000000000000e+00 1.504825072387117757e+01
2.000000000000000000e+00 1.589961547376759299e+01
2.000000000000000000e+00 1.668421983864688940e+01
2.000000000000000000e+00 1.473815007484183326e+01
1.000000000000000000e+00 -1.702687750839711134e+00
1.000000000000000000e+00 3.774561385532178015e-01
1.000000000000000000e+00 -2.946920901393648706e-01
1.000000000000000000e+00 5.111643987526468501e-03
1.000000000000000000e+00 1.879530167704994703e-01
1.000000000000000000e+00 2.104609992242867655e-01
1.000000000000000000e+00 1.502500397047938030e+00
1.000000000000000000e+00 -3.668809286591755425e-01
1.000000000000000000e+00 -5.515861573454448052e-01
1.000000000000000000e+00 2.006269145329990788e-01
1.000000000000000000e+00 -1.690831820765661631e+00
1.000000000000000000e+00 -1.195271592337878053e+00
1.000000000000000000e+00 -1.412471900077167497e+00
1.000000000000000000e+00 4.158744357908503164e-01
1.000000000000000000e+00 1.371966748420631321e-01
1.000000000000000000e+00 1.479389101342923230e+00
1.000000000000000000e+00 3.439163607248248988e-01
1.000000000000000000e+00 -8.367662108739127858e-01
1.000000000000000000e+00 -1.009211290977594322e+00
1.000000000000000000e+00 2.913887944702128058e-02
1.000000000000000000e+00 5.838186593988107242e-01
1.000000000000000000e+00 -3.450345881857806440e-01
1.000000000000000000e+00 -1.687172873960718703e-02
1.000000000000000000e+00 -9.129158297608613859e-01
1.000000000000000000e+00 -1.675010466480381988e+00
1.000000000000000000e+00 -3.699635299315635201e-02
1.000000000000000000e+00 7.389181643586196779e-01
1.000000000000000000e+00 -1.057146899840499366e+00
1.000000000000000000e+00 4.370027530901982593e-01
1.000000000000000000e+00 -1.690504270539521237e+00
1.000000000000000000e+00 2.151531912789634404e+00
1.000000000000000000e+00 -6.326668664699266476e-01
1.000000000000000000e+00 -9.791266021342878711e-02
1.000000000000000000e+00 -7.692424702740663367e-01
1.000000000000000000e+00 -8.482903330053688240e-01
1.000000000000000000e+00 -3.235601054929404530e-01
1.000000000000000000e+00 3.123457665939869399e-01
1.000000000000000000e+00 9.289313756538827294e-01
1.000000000000000000e+00 2.948999319564425958e-01
1.000000000000000000e+00 -3.602643266023789481e-01
1.000000000000000000e+00 -1.200169189078408721e-01
1.000000000000000000e+00 1.027435631425228868e+00
1.000000000000000000e+00 -6.754124540963269974e-01
1.000000000000000000e+00 -9.526922859462207960e-01
1.000000000000000000e+00 -8.485294237364191527e-01
1.000000000000000000e+00 7.622547069425837929e-01
1.000000000000000000e+00 1.406305865134402922e+00
1.000000000000000000e+00 1.812135304989283213e+00
1.000000000000000000e+00 -4.919388581815783978e-01
1.000000000000000000e+00 -2.063573708291890074e-01
1.000000000000000000e+00 1.066373749774167878e+00
1.000000000000000000e+00 1.518893529189446978e+00
1.000000000000000000e+00 5.455473417089377053e-01
1.000000000000000000e+00 -7.279241896354660124e-01
1.000000000000000000e+00 6.978541434073253225e-01
1.000000000000000000e+00 5.897820856011192214e-01
1.000000000000000000e+00 1.695819948735146077e-01
1.000000000000000000e+00 -2.037640307109055693e-01
1.000000000000000000e+00 3.488012339678733253e-01
1.000000000000000000e+00 -6.267232848278122548e-01
1.000000000000000000e+00 1.360801581955056738e+00
1.000000000000000000e+00 4.187013260470451304e-01
1.000000000000000000e+00 1.128898699844523623e+00
1.000000000000000000e+00 -9.200846015108241072e-02
1.000000000000000000e+00 2.554888001819429211e-01
1.000000000000000000e+00 -1.571298714081963421e+00
1.000000000000000000e+00 -1.246352571346005078e+00
1.000000000000000000e+00 3.004959519693883863e+00
1.000000000000000000e+00 1.143714540399975776e+00
1.000000000000000000e+00 -1.319063061990612962e-01
1.000000000000000000e+00 8.097267646268449526e-02
1.000000000000000000e+00 -1.407492357245343051e+00
1.000000000000000000e+00 1.493901165198080916e+00
1.000000000000000000e+00 1.086295679690449378e-01
1.000000000000000000e+00 8.686025621529388507e-01
1.000000000000000000e+00 -1.305970849938607563e-02
1.000000000000000000e+00 -5.727669232922354414e-01
1.000000000000000000e+00 -1.914562536159394757e+00
1.000000000000000000e+00 -8.313597887011159662e-03
1.000000000000000000e+00 -2.261177038615458379e+00
1.000000000000000000e+00 5.668671364252178893e-03
1.000000000000000000e+00 -4.384500052432204198e-01
1.000000000000000000e+00 3.627722504506092349e-01
1.000000000000000000e+00 -1.816345503048813481e-01
1.000000000000000000e+00 -1.178368272899445790e+00
1.000000000000000000e+00 1.601376643584666581e+00
1.000000000000000000e+00 -1.794838107272585415e+00
1.000000000000000000e+00 -1.119528594203950567e+00
1.000000000000000000e+00 -1.509263428167144205e+00
1.000000000000000000e+00 1.100296384536528560e+00
1.000000000000000000e+00 5.295323541163187153e-01
1.000000000000000000e+00 -1.285939823339550481e+00
1.000000000000000000e+00 3.441220633190188449e-01
1.000000000000000000e+00 -1.863169457859944700e+00
1.000000000000000000e+00 1.050110444378383301e+00
1.000000000000000000e+00 7.242804657731846119e-01
1.000000000000000000e+00 2.986778483607738899e+00
1.000000000000000000e+00 3.341862639812556157e-01
1.000000000000000000e+00 4.511000989467764954e-01
1.000000000000000000e+00 -1.421885632338373062e+00
